Best Validation Accuracy: 0.8216

Classification Report:
              precision    recall  f1-score   support

       blues      0.900     0.881     0.891       800
   classical      0.871     0.980     0.922       800
     country      0.750     0.844     0.794       800
       disco      0.860     0.779     0.818       760
      hiphop      0.794     0.808     0.801       720
        jazz      0.851     0.831     0.841       680
       metal      0.901     0.922     0.911       720
         pop      0.767     0.813     0.789       680
      reggae      0.796     0.649     0.715       680
        rock      0.726     0.690     0.708       800

    accuracy                          0.822      7440
   macro avg      0.822     0.820     0.819      7440
weighted avg      0.822     0.822     0.820      7440


Confusion Matrix:
[[705   0  42  12   3   9   4   0   4  21]
 [  0 784   1   0   0  15   0   0   0   0]
 [ 28  19 675   3   0  28   3   7   1  36]
 [  1   0  22 592  52   0   4  60  22   7]
 [  0   0   4   4 582   0  14   6  77  33]
 [ 13  60  13   1   0 565   0   3   0  25]
 [  0   0   0   4  22   0 664   0   0  30]
 [  0  20  28  22  12   6   0 553   7  32]
 [ 21   3  27  19  56  35   1  53 441  24]
 [ 15  14  88  31   6   6  47  39   2 552]]
