Best Validation Accuracy: 0.8184

Classification Report:
              precision    recall  f1-score   support

       blues      0.877     0.901     0.889       800
   classical      0.875     0.980     0.925       800
     country      0.716     0.830     0.769       800
       disco      0.853     0.801     0.826       760
      hiphop      0.804     0.811     0.808       720
        jazz      0.847     0.828     0.837       680
       metal      0.919     0.896     0.907       720
         pop      0.795     0.804     0.800       680
      reggae      0.793     0.666     0.724       680
        rock      0.713     0.649     0.679       800

    accuracy                          0.818      7440
   macro avg      0.819     0.817     0.816      7440
weighted avg      0.818     0.818     0.817      7440


Confusion Matrix:
[[721   0  40   3   4  11   2   1   5  13]
 [  0 784   1   0   0  14   0   1   0   0]
 [ 43  18 664   6   0  16   3   8   2  40]
 [  1   0  23 609  46   0   4  35  30  12]
 [  3   0   0   9 584   0  14  12  74  24]
 [  7  57  19   4   0 563   0   0   0  30]
 [  0   0   0   2  22   3 645   0   0  48]
 [  2  18  32  28  15   7   2 547   5  24]
 [ 20   3  27  21  50  40   0  48 453  18]
 [ 25  16 122  32   5  11  32  36   2 519]]
