Best Validation Accuracy: 0.8172

Classification Report:
              precision    recall  f1-score   support

       blues      0.924     0.850     0.885       800
   classical      0.839     0.979     0.904       800
     country      0.725     0.873     0.792       800
       disco      0.876     0.704     0.780       760
      hiphop      0.848     0.856     0.852       720
        jazz      0.872     0.803     0.836       680
       metal      0.896     0.917     0.906       720
         pop      0.740     0.765     0.752       680
      reggae      0.820     0.675     0.740       680
        rock      0.690     0.729     0.709       800

    accuracy                          0.817      7440
   macro avg      0.823     0.815     0.816      7440
weighted avg      0.822     0.817     0.816      7440


Confusion Matrix:
[[680   6  36   8   0  18   5   1   2  44]
 [  0 783   1   0   0  11   0   0   1   4]
 [ 16  26 698   2   0  14   3   4   6  31]
 [  6   0  29 535  47   0   1  83  20  39]
 [  1   0   0   4 616   0  12   9  58  20]
 [  5  76  19   0   0 546   0   3   0  31]
 [  0   0   0   1  12   0 660   0   0  47]
 [  2  26  47  28   7   4  11 520  13  22]
 [ 15   4  39  18  44  23   2  52 459  24]
 [ 11  12  94  15   0  10  43  31   1 583]]
